7513070.4287	5785968.6953
7497380.9491	5792199.104
7496428.0662	5788957.1598
7499838.438	5789741.1407
7497979.799	5794460.088
7501577.5701	5786562.0742
7496492.546	5793404.4617
7501618.9781	5794748.7178
7498406.5201	5787010.2002
7501782.1432	5789571.7667
7511188.7388	5791037.7958
7500209.9022	5791235.5449
7509780.1237	5789421.7728
7512712.0373	5789524.2364
7498391.8724	5792318.1278
7497379.7023	5793330.5829
7495384.4061	5794487.5728
7502354.5912	5787664.3903
7504274.692	5788980.4995
7509275.7449	5790379.9958
7500193.0702	5787370.1602
7498424.8364	5794763.1648
7513021.9315	5787045.5365
7498297.819	5793467.568
7501332.8861	5788180.1041
7502269.7343	5791093.5419
7502505.1601	5790734.5339
7503797.2099	5783441.8503
7504307.7898	5782221.7801
7497217.549	5788595.2282
7493413.0622	5788574.5641
7509819.7252	5787259.55
7503084.3991	5793199.2979
7491021.1102	5785311.464
7493087.0761	5784719.8222
7504060.8175	5793460.1923
7501988.6152	5794904.6867
7498358.8901	5785860.5604
7503279.1372	5799266.0158
7500530.58	5785610.5202
7504740.5573	5788213.7476
7507217.8227	5789131.6063
7505947.9068	5788225.561
7506697.3319	5788089.0956
7502160.6303	5792315.5989
7503933.4988	5791763.372
7513867.6519	5780275.226
7497791.463	5785672.9518
7493438.0591	5786263.8042
7513423.0788	5785792.4793
7501149.8803	5785455.1803
7496244.2612	5794947.578
7501378.8481	5787259.5671
7505561.0217	5788365.0291
7496128.1673	5795333.5169
7504052.8597	5783416.8303
7506330.4118	5780345.5263
7515467.0358	5790809.022
7498215.1981	5797575.6758
7496238.9374	5799675.7823
7501228.839	5786896.9563
7499302.5022	5790898.9599
7500817.2422	5789205.8587
7500680.4103	5784359.4202
7499275.1192	5789173.3928
7498441.7423	5788308.4473
7496442.9181	5789840.816
7498908.2143	5790414.6928
7501314.9802	5783427.94
7499684.7251	5792248.6149
7500087.8503	5781891.3103
7503576.7251	5791395.3259
7495979.9971	5793638.3969
7493251.8553	5787766.5033
7502037.7213	5781027.6131
7503372.3683	5778516.77
7502242.0792	5780833.7504
7503956.8943	5789338.8556
7495082.7162	5790926.76
7503644.9883	5779520.903
7512111.0478	5791746.9968
7498058.8403	5786016.0602
7507394.2498	5790400.261
7504293.0399	5778537.9973
7501624.2804	5788341.563
7511559.6616	5787013.7442
7513228.0719	5783596.5561
7495763.0203	5795646.573
7504514.5391	5788812.0697
7503575.804	5788586.0834
7497788.6201	5786672.5903
7503842.5471	5790481.762
7500036.8693	5789050.3448
7504259.2298	5784152.9902
7501961.5701	5782290.3102
7493848.2322	5785253.9232
7495930.8513	5782622.7263
7495727.6352	5789781.5789
7515431.1489	5783702.9253
7509039.1798	5791772.7238
7513892.0358	5781915.2913
7502071.2001	5785225.2901
7503273.9643	5791366.5549
7502119.3561	5790774.0109
7500459.8891	5791199.651
7498415.2823	5793393.9397
7504924.5954	5790519.8082
7502239.7467	5784999.1343
7504699.7957	5782237.8032
7495622.4611	5789098.6379
7495178.7103	5793142.6819
7505278.777	5790314.7637
7501346.2711	5787076.4152
7499396.583	5792704.5389
7511563.693	5787157.4452
7493349.0798	5791950.0259
7499918.3402	5784170.8303
7496716.1243	5794762.2749
7496417.1283	5789954.4427
7497765.4711	5788984.9368
7499838.438	5789741.1407
7501507.4862	5784476.8906
7497744.82	5786435.9103
7503349.6501	5782649.3703
7496819.0451	5797805.4919
7501024.6201	5785161.8902
7495870.4021	5790125.5828
7516453.467	5787126.723
7492354.513	5783749.594
7490530.5732	5784476.8363
7503153.6681	5795680.718
7501588.3002	5788817.2088
7497306.8383	5789638.698
7498848.8312	5792760.1099
7501434.8043	5777348.6203
7501149.8803	5785455.1803
7498350.5702	5787280.13
7493884.2123	5789169.4529
7500211.7102	5782548.02
7506640.9118	5790110.9997
7500006.4103	5782061.0802
7502876.3663	5780396.3742
7500947.0501	5788784.4091
7498637.7782	5797822.2158
7502287.1592	5780559.5271
7497913.413	5789157.5519
7507394.2498	5790400.261
7503897.761	5791455.9078
7504235.179	5794718.3067
7497902.1372	5799697.7388
7498232.6382	5783241.0831
7505492.4939	5782071.9632
7503819.0397	5779737.4253
7503237.7504	5785183.0803
7513142.1508	5783140.2329
7502812.2043	5779689.1741
7498731.5902	5785286.44
7511886.028	5785957.7291
7503225.9701	5786314.9804
7501493.4061	5788917.013
7499827.28	5784388.8301
7500959.7243	5787357.0261
7514032.547	5782293.478
7496969.1902	5792477.1969
7497202.8262	5795894.2017
7503303.859	5778208.2683
7507635.8678	5789082.2929
7501239.5562	5787802.8612
7503138.4702	5785274.1501
7495273.1193	5791564.5296
7498320.4897	5802319.2449
7504573.8207	5790333.9698
7492414.0121	5784963.5419
7505006.9347	5777681.4252
7497259.1913	5789970.232
7499271.26	5787490.7902
7494374.3296	5797720.3574
7502560.8401	5791135.4247
7514781.9919	5787132.7992
7505161.755	5782624.679
7502822.0903	5786052.05
7501197.3701	5783453.9602
7504166.0526	5777717.2262
7510488.0461	5789301.4175
7502412.206	5792120.3947
7497986.5692	5789160.5037
7501143.5781	5795765.8317
7496658.1051	5792050.7806
7492896.7381	5791448.7488
7494082.0101	5788975.4028
7494307.8191	5793674.5797
7497410.6702	5794027.5078
7495771.981	5795876.4787
7503756.7104	5783993.3301
7500316.7401	5784477.4102
7503138.4702	5785274.1501
7499800.0093	5789889.273
7499693.0513	5789791.8649
7499981.164	5790668.8616
7499309.4791	5790800.3638
7504169.2327	5792852.7619
7501383.4582	5795621.3709
7492927.1532	5784115.6183
7501876.33	5780625.2581
7503094.3412	5779818.0363
7504452.1387	5778187.7723
7504106.0369	5777532.4078
7513830.561	5780547.5992
7511079.7154	5786273.5537
7511423.3788	5780891.6603
7514814.0987	5790842.0068
7497659.7572	5784185.9814
7496789.6931	5783930.1193
7499591.1372	5789573.2469
7498390.3881	5792494.6738
7510475.3848	5782594.4962
7506421.6214	5790337.8053
7498408.5393	5789191.324
7503157.8262	5787153.2254
7503921.359	5788365.8369
7502061.287	5795888.4147
7502679.7502	5785367.7603
7511628.2672	5792493.8774
7497199.5333	5788183.7682
7505636.5958	5786067.8318
7501033.7712	5788632.2101
7497950.2969	5788194.0775
7512072.4518	5783832.4793
7502730.4401	5786210.14
7499607.3001	5784153.55
7500411.5101	5787880.73
7502530.9413	5787908.9572
7500772.5333	5787458.8343
7495842.8132	5793614.4048
7496896.1883	5794213.2049
